 1 2 1 2 1 2 1 2 1 3 4 3     (12)                (34)              12
 1 2 1 2 1 2 1 2 1 4 3 4     (12)(34)                               6
 1 2 1 2 1 2 1 2 3 2 1 4     (12)(34)            (12)(34)           3
 1 2 1 2 1 2 1 3 5 1 3 6     (12)                (1324)            24
 1 2 1 2 1 3 2 5 1 4 1 5     (12)(34)            (123)             48
 1 2 1 2 1 3 2 5 2 3 2 5     (1234)              (12)              24
 1 2 1 2 1 3 4 5 1 4 3 6                         (123)             24
 1 2 1 2 1 3 4 5 2 1 4 6     (24)                (12)              24
 1 2 1 2 1 5 1 2 5 2 1 5               (23)      (12)               6
 1 2 1 2 1 5 1 2 6 4 3 6               (14)      (12)               6
 1 2 1 2 1 5 2 1 2 5 2 1     (14)                (12)              24
 1 2 1 2 1 5 2 1 4 6 4 1     (1243)              (12)              24
 1 2 1 2 3 2 5 1 3 2 4 5     (1324)              (1423)            12
 1 2 1 2 3 5 1 4 5 4 3 6               (23)      (1423)            24
 1 2 1 2 4 1 2 1 5 1 3 6     (12)(34)            (13)(24)           6
 1 2 1 2 4 1 2 5 2 4 5 1               (14)(23)  (14)(23)           6
 1 2 1 2 4 1 4 1 5 1 3 5     (13)(24)  (13)(24)                     3
 1 2 1 2 4 1 5 1 3 5 4 3     (13)(24)  (12)(34)                     6
 1 2 1 2 4 3 2 5 6 3 5 6     (12)(34)  (12)(34)                     6
 1 2 1 2 4 3 5 2 5 4 6 1     (1234)    (12)                        24
 1 2 1 2 4 5 1 2 1 2 4 5               (13)(24)  (134)             48
 1 2 1 2 4 5 1 3 2 3 2 6     (1432)              (1423)            24
 1 2 1 2 4 5 1 4 1 2 4 6     (14)(23)            (142)             48
 1 2 1 2 4 5 2 5 3 4 6 1     (1234)    (12)                        24
 1 2 1 2 5 1 3 6 4 3 2 1                         (13)(24)           3
 1 2 1 2 5 1 4 3 2 4 5 1     (1324)              (24)              24
 1 2 1 2 5 1 5 2 1 5 2 1               (13)      (24)              12
 1 2 1 2 5 1 5 2 5 2 1 5               (123)     (142)             48
 1 2 1 2 5 1 5 2 6 4 3 6               (134)     (142)             48
 1 2 1 2 5 2 1 5 1 2 5 2     (12)      (13)                        24
 1 2 1 2 5 2 1 5 1 4 6 4     (1324)    (13)                        24
 1 2 1 2 5 2 5 4 6 3 4 1     (1243)    (12)                        24
 1 2 1 3 5 1 2 1 2 4 6 2     (1423)              (1342)            24
 1 2 1 3 5 1 2 5 2 3 5 3     (1324)    (1432)                      24
 1 2 1 3 5 1 3 2 5 2 5 3     (1432)    (1432)                      12
 1 2 1 5 2 5 1 5 1 2 5 2     (142)     (123)                       48
 1 2 1 5 2 5 1 5 1 4 6 4     (243)     (123)                       48
 2 1 2 1 3 5 1 2 5 2 3 5 3 2 (1324)    (5867)                       6
 4 1 2 1 3 5 1 2 5 2 3 5 3 4 (1324)    (5768)						6
 1 2 1 2 5 1 5 1 2 5 2 5      (124)     (123)     (142)             16
 1 2 1 2 5 1 5 1 2 6 4 6      (124)     (134)     (142)             48
 1 2 1 2 5 1 5 1 4 5 2 6      (132)     (134)     (142)             16
 1 2 1 2 5 1 5 1 4 6 4 5      (132)     (123)     (142)             48
 1 2 1 5 2 5 2 1 5 1 5 2      (142)     (123)     (142)             48
 1 2 1 5 2 5 2 1 5 3 5 4      (123)     (243)     (134)             48
 1 2 1 5 2 5 2 1 6 1 6 4      (123)     (134)     (134)             48
 1 2 1 5 2 5 2 1 6 3 6 2      (142)     (142)     (142)             48
 1 2 1 5 2 5 2 3 5 1 6 2      (142)     (142)     (123)             96
 1 2 1 5 2 5 2 3 5 3 6 4      (123)     (134)     (243)             96
 1 2 1 2 5 1 5 2 5 4 1 6      (14)(23)  (142)     (134)             96
 1 2 1 2 5 1 5 2 6 2 3 5      (14)(23)  (243)     (134)             96
 1 2 1 2 5 1 5 4 5 4 3 5      (13)(24)  (243)     (134)             48
 1 2 1 2 5 1 5 4 6 2 1 6      (13)(24)  (142)     (134)             48
 1 2 1 5 2 5 1 5 3 2 6 2      (134)     (243)     (13)(24)          48
 1 2 1 5 2 5 1 5 3 4 5 4      (123)     (243)     (13)(24)          48
 1 2 1 5 2 5 2 1 2 6 3 6      (142)     (12)(34)  (142)             96
 1 2 1 5 2 5 2 1 4 5 3 5      (123)     (14)(23)  (134)             96
 1 2 1 2 1 3 2 1 2 1 5 6      (13)(24)  (13)(24)  (14)(23)           6
 1 2 1 2 1 3 2 1 2 5 6 3      (13)(24)  (14)(23)  (14)(23)           6
 1 2 1 2 1 3 2 1 5 6 4 3      (13)(24)  (12)(34)  (14)(23)           3
 1 2 1 2 1 3 2 3 4 3 5 6      (13)(24)  (13)(24)  (13)(24)           1
 1 2 1 2 1 3 2 5 1 2 1 6      (13)(24)  (13)(24)  (243)             24
 1 2 1 2 1 3 4 3 4 1 5 6      (14)(23)  (13)(24)  (14)(23)           3
 1 2 1 2 1 3 4 3 4 5 6 3      (14)(23)  (14)(23)  (14)(23)           6
 1 2 1 2 1 3 4 5 1 2 3 5      (14)(23)  (13)(24)  (243)             48
 1 2 1 2 1 3 5 2 1 2 6 3      (234)     (14)(23)  (14)(23)          48
 1 2 1 2 1 3 5 2 3 4 5 1      (234)     (14)(23)  (13)(24)          48
 1 2 1 2 4 1 5 2 1 2 6 2      (243)     (12)(34)  (14)(23)          24
 1 2 1 2 4 5 1 2 5 6 1 5      (12)(34)  (12)(34)  (142)             24
 1 2 1 2 5 2 4 5 4 3 2 1      (12)(34)  (14)(23)  (14)(23)           2
 1 2 3 4 5 2 1 2 1 3 5 1      (234)     (14)(23)  (12)(34)          24
 1 2 1 2 1 2 1 5 1 5 1 5      (12)      (12)      (124)             48
 1 2 1 2 1 2 1 5 1 6 3 6      (12)      (34)      (124)             48
 1 2 1 2 1 2 1 5 6 3 5 6      (12)      (12)(34)  (12)              24
 1 2 1 2 1 2 5 1 3 2 4 6      (34)      (13)(24)  (34)              12
 1 2 1 2 1 3 5 1 5 3 6 2      (12)      (13)      (123)             96
 1 2 1 2 1 3 5 1 6 1 5 2      (12)      (24)      (123)             96
 1 2 1 2 1 3 5 2 5 3 2 5      (124)     (34)      (12)              96
 1 2 1 2 1 3 5 2 6 1 4 6      (124)     (12)      (12)              96
 1 2 1 2 1 5 1 4 5 2 3 6      (12)(34)  (14)      (12)              12
 1 2 1 2 1 5 1 4 6 4 1 5      (12)(34)  (23)      (12)              12
 1 2 1 2 1 5 1 5 2 5 1 5      (12)      (132)     (12)              24
 1 2 1 2 1 5 1 5 2 6 3 6      (12)      (143)     (12)              24
 1 2 1 2 1 5 1 6 4 5 3 6      (12)      (124)     (12)              48
 1 2 1 2 4 3 5 1 5 4 1 5      (12)(34)  (14)      (14)              24
 1 2 1 2 4 5 1 2 5 3 6 1      (12)(34)  (12)      (24)              24
 1 2 1 2 4 5 1 3 2 1 2 5      (13)      (13)(24)  (34)              24
 1 2 1 2 4 5 1 5 3 6 4 1      (12)(34)  (14)      (24)              24
 1 2 1 2 5 1 2 1 2 4 5 3      (34)      (14)(23)  (13)              24
 1 2 1 2 5 1 5 4 3 6 4 1      (12)(34)  (13)      (24)              24
 1 2 1 2 5 2 3 5 1 4 6 2      (12)      (24)      (12)(34)          24
 1 2 1 3 2 5 2 1 5 1 4 6      (13)(24)  (34)      (34)              24
 1 2 1 3 5 1 2 3 2 4 6 4      (12)      (12)(34)  (14)              24
 1 2 1 3 5 1 2 5 4 1 5 1      (34)      (24)      (13)(24)          24
 1 2 1 3 5 1 3 2 5 4 5 1      (13)      (24)      (13)(24)          12
 1 2 1 3 5 1 5 1 2 1 4 6      (24)      (23)      (234)             96
 1 2 1 3 5 1 5 3 2 1 2 6      (13)      (23)      (132)             96
 1 2 1 5 1 5 1 2 5 2 5 1      (24)      (132)     (24)              48
 1 2 1 5 1 5 1 2 6 4 6 1      (24)      (234)     (24)              48
 1 2 1 5 2 1 5 1 4 6 4 1      (13)(24)  (23)      (12)               6
 1 2 1 5 2 1 6 1 4 6 2 3      (13)(24)  (14)      (12)               6
 1 2 1 2 1 2 1 2 4 1 5 6      (1324)    (13)(24)  (1423)            12
 1 2 1 2 1 2 1 2 4 5 6 3      (1324)    (14)(23)  (1423)            24
 1 2 1 2 1 3 4 5 2 3 4 5      (1234)    (13)(24)  (1324)            24
 1 2 1 2 1 3 5 1 2 1 6 3      (1423)    (14)(23)  (1432)            24
 1 2 1 2 1 3 5 1 2 5 1 6      (1423)    (1324)    (243)             48
 1 2 1 2 1 3 5 1 2 6 3 5      (1423)    (1423)    (243)             48
 1 2 1 2 1 3 5 1 5 1 6 4      (1423)    (1432)    (243)             96
 1 2 1 2 1 3 5 1 6 3 5 4      (1423)    (1234)    (243)             96
 1 2 1 2 1 3 5 2 5 1 2 6      (234)     (1324)    (1324)            96
 1 2 1 2 1 3 5 2 6 3 4 5      (234)     (1423)    (1324)            96
 1 2 1 2 1 5 2 1 4 5 4 3      (1342)    (12)(34)  (1423)            24
 1 2 1 2 3 5 1 2 5 2 1 6      (13)(24)  (1243)    (1324)             6
 1 2 1 2 3 5 1 2 6 4 3 5      (13)(24)  (1342)    (1324)             6
 1 2 1 2 3 5 1 4 5 2 3 5      (14)(23)  (1342)    (1324)            12
 1 2 1 2 3 5 1 4 6 4 1 6      (14)(23)  (1243)    (1324)            12
 1 2 1 2 3 5 1 5 2 5 1 6      (1423)    (124)     (1324)            48
 1 2 1 2 3 5 1 6 4 5 3 5      (1423)    (132)     (1324)            24
 1 2 1 2 3 5 1 6 4 6 1 6      (1423)    (143)     (1324)            24
 1 2 1 2 4 3 5 1 2 1 6 4      (1423)    (12)(34)  (1342)            24
 1 2 1 2 4 3 5 1 5 2 1 6      (13)(24)  (1243)    (1342)            24
 1 2 1 2 4 5 1 5 1 6 2 1      (13)(24)  (1342)    (1234)            24
 1 2 1 2 5 1 5 2 3 5 4 1      (14)(23)  (1432)    (1234)            24
 1 2 1 2 5 1 5 4 1 6 2 1      (13)(24)  (1432)    (1234)            12
 1 2 1 2 5 1 5 6 2 3 5 1      (1423)    (12)(34)  (1234)            24
 1 2 1 2 5 2 3 5 3 2 6 4      (1423)    (1234)    (14)(23)          24
 1 2 1 3 5 1 5 1 2 3 4 5      (1234)    (1342)    (143)             96
 1 2 1 3 5 1 5 1 6 3 4 1      (14)(23)  (1342)    (1432)            24
 1 2 1 3 5 1 5 3 2 3 2 5      (1432)    (1342)    (124)             96
 1 2 1 5 1 5 3 2 5 4 6 1      (1432)    (124)     (1234)            48
 1 2 1 5 1 5 3 2 6 2 5 1      (1432)    (143)     (1234)            48
 1 2 1 2 1 2 1 3 5 2 4 5      (34)      (13)(24)  (1423)            24
 1 2 1 2 1 2 1 5 2 4 5 3      (34)      (14)(23)  (1423)            24
 1 2 1 2 1 3 2 5 2 1 2 6      (24)      (13)(24)  (1324)            24
 1 2 1 2 1 3 5 1 2 3 5 1      (1423)    (14)(23)  (24)              24
 1 2 1 2 1 3 5 1 3 5 1 4      (1423)    (14)(23)  (34)              24
 1 2 1 2 1 5 1 2 5 4 1 6      (14)(23)  (1342)    (34)              24
 1 2 1 2 1 5 1 3 2 5 4 6      (143)     (1342)    (34)              96
 1 2 1 2 1 5 1 3 2 6 2 5      (143)     (1243)    (34)              96
 1 2 1 2 1 5 1 4 5 4 3 5      (13)(24)  (1243)    (34)              24
 1 2 1 2 1 5 1 5 4 5 3 5      (1423)    (124)     (34)              48
 1 2 1 2 1 5 1 5 4 6 1 6      (1423)    (234)     (34)              48
 1 2 1 2 1 5 1 6 2 5 1 6      (1423)    (132)     (34)              48
 1 2 1 2 1 5 1 6 2 6 3 5      (1423)    (143)     (34)              48
 1 2 1 2 1 5 2 1 2 6 2 3      (23)      (12)(34)  (1423)            24
 1 2 1 2 4 1 5 1 2 1 6 2      (1324)    (12)(34)  (14)              24
 1 2 1 2 4 1 5 1 5 4 3 5      (13)(24)  (1243)    (14)              24
 1 2 1 2 4 1 5 2 3 5 2 5      (1234)    (23)      (12)(34)          24
 1 2 1 2 4 1 5 2 5 2 5 3      (1234)    (24)      (12)(34)          24
 1 2 1 2 4 3 5 2 5 2 6 3      (24)      (1234)    (13)(24)          24
 1 2 1 2 4 5 1 5 1 5 2 3      (12)(34)  (14)      (1432)            24
 1 2 1 2 4 5 1 5 3 5 4 3      (13)(24)  (1342)    (13)              24
 1 2 1 2 4 5 2 5 1 4 5 1      (24)      (1324)    (14)(23)          24
 1 2 1 2 4 5 2 5 6 1 2 5      (1234)    (12)(34)  (12)              24
 1 2 1 2 4 5 2 5 6 3 2 6      (24)      (14)(23)  (1324)            24
 1 2 1 2 5 1 3 2 5 1 4 5      (132)     (12)      (1423)            96
 1 2 1 2 5 1 3 2 5 3 4 6      (143)     (1423)    (34)              96
 1 2 1 2 5 1 3 2 6 1 2 5      (143)     (1324)    (34)              96
 1 2 1 2 5 1 3 2 6 3 2 6      (132)     (34)      (1423)            96
 1 2 1 2 5 1 5 1 2 4 6 4      (1324)    (13)      (142)             96
 1 2 1 2 5 1 5 1 6 4 5 6      (12)      (1234)    (142)             96
 1 2 1 2 5 1 5 3 2 4 6 2      (34)      (1432)    (134)             96
 1 2 1 2 5 1 5 3 6 2 5 6      (1423)    (24)      (134)             96
 1 2 1 2 5 1 5 6 4 1 5 3      (12)      (13)(24)  (1432)            24
 1 2 1 2 5 2 1 5 3 2 6 2      (34)      (1432)    (13)(24)          24
 1 2 1 2 5 2 5 2 6 1 4 1      (23)      (1423)    (14)(23)          24
 1 2 1 3 5 1 2 1 6 2 5 6      (34)      (14)(23)  (1342)            24
 1 2 1 3 5 1 2 3 6 4 5 6      (1324)    (13)(24)  (14)              24
 1 2 1 3 5 2 5 2 5 3 5 6      (1234)    (13)      (14)(23)          24
 1 2 1 5 1 5 1 2 4 5 4 3      (12)(34)  (1243)    (13)              24
 1 2 1 5 1 5 1 2 5 4 5 3      (1234)    (124)     (13)              96
 1 2 1 5 1 5 1 2 6 2 6 3      (1234)    (143)     (13)              96
 1 2 1 5 1 5 2 5 2 3 6 3      (12)      (132)     (1432)            96
 1 2 1 5 1 5 2 5 4 3 5 3      (1423)    (124)     (13)              96
 1 2 1 5 1 5 2 6 2 1 6 3      (1423)    (143)     (13)              96
 1 2 1 5 1 5 2 6 4 1 5 3      (12)      (234)     (1432)            96
 1 2 1 5 1 5 3 6 2 5 6 1      (14)(23)  (14)      (1234)            24