1234                 1  4  1  4  1  4  1  4  3  9   1  4  9  1  9  2  4  3  9
1235                 1  4  1  4  9  8  2  1 10      1  4  1  4  2 10  1  6 10
1236                 1  4  1  4  9  8  3 10  2      1  4  1  4  2 10  3  9  6
1237                 1  4  1  6  9 10  7  8  9      1  4  1  8  6 10  7  9  8
1238                 1  4  1  4  8  1  9  4  6      1  4  3  8  6  4  9  7  9
1245                 1  4  1  4  9  8  3 10  6      1  4  1  4  2 10  3  9  2
1246                 1  4  1  4  8  1  8  9 10      1  4  1  4  1  5  4  7  9
1247                 1  4  1  4  8  1  9  4  2      1  4  3  8  2  8 10  7 10
1248                 1  4  1  6  8 10  8  5 10      1  4  1  8  2  9  7 10  4
1256                 1  4  3  4  8  9 10  3 10      1  4  3  4  2  4 10  3  9
1257                 1  4  1  4  9  4  7  8 10      1  4  1  4  9  2  9  1 10  4
1258                 1  4  1  4 10  8  2  5  8      1  4  1  4  9  6 10  1  9  8  2
1267                 1  4  1  5  4  6  4 10  8      1  4  1  4  9  2  9  1 10  4  2
1268                 1  4  1  4  9  4  7  4 10      1  4  1  4  9  6 10  1  9  8
1278                 1  4  1  4  8  9 10  5  4      1  4  3  8 10  2  9  7 10
1345                 1  4  1  8  9  4  2  1  9      1  4  1  9  4  2  4  1  9
1346                 1  4  1  6  4  8  1  6  8      1  4  1  4 10  2 10  1  9
1347                 1  4  1  4  8  1 10  4  2      1  4  1  8  2  8  9  5 10
1348                 1  4  1  4  2  6  4  1  8      1  4  1 10  2  9  8  5 10
1356                 1  4  1  4 10  8  2  1  9      1  6  9  1  8  6  9  3 10
1357                 1  4  1  4  3  1  4  5  8      1  4  1  4  2  9  7 10  6
1358                 1  4  1  5  9  2  4  2  8      1  4  9  1  4  6  9  3 10
1367                 1  4  1  5  9  2  8  2  8      1  4  9  1  4  6 10  7  9
1368                 1  4  1  4 10  8  3  8  9      1  4  1  4  6 10  3  9  8
1378                 1  4  1  5  9  4  9  4 10      1  4  1  4  6  4  9  5 10
1456                 1  4  1  4  9  4  3  9  4      1  4  9  1 10  6  8  7 10
1457                 1  4  1  7  4  1  5  9  2      1  4  1  8  2  8 10  1  9
1458                 1  4  1  5  4  1  9 10  3      1  4  1  4  3  7  4  3 10
1467                 1  4  1  4  1  7 10  5  9      1  4  1  8  2 10  3  9  4
1468                 1  4  1  4  9 10  8  5 10      1  4  1  4  9  6 10  5 10
1478                 1  4  1  5  4  9  4 10  6      1  4  1  8  2 10  7 10  2
1567                 1  4  1  4  8  5 10  4  8      1  4  1  4  6  4 10  1  9
1568                 1  4  1  4  9  8  7  8  6      1  4  1 10  2  8  3  9  6
1578                 1  4  1  6  4  8  7  8 10      1  4  1  9  6  8  7 10  8
1678                 1  4  1  4 10  4  3  9  8      1  4  3 10  2  9  4  7 10
2345                 1  4  1  6  4  8  2  1  4      1  4  1  4 10  6  9  1 10
2346                 1  4  1  4 10  4  7  4  9      1  4  1  9  4  6  8  1 10
2347                 1  4  1  4  1  7  9  5  4      1  4  1 10  6  10  4 5  9
2348                 1  4  1  4  8  1 10  4  6      1  4  1  8  2  9  7  9  4
2356                 1  4  1  4  9  4  3 10  4      1  4  9  1 10  2  4  7  9
2357                 1  4  1  7  4  2  9  4  6      1  4  1  4  9  2  9  5  9
2358                 1  4  1  4  2  6  8  1 10      1  4  1  8  6  9  3 10  8
2367                 1  4  1  4 10  8  7  9  4      1  4  1  4  1  5  8  3  9
2368                 1  4  1  4  9 10  8  1  8      1  4  1  8  6  4  9  1 10
2378                 1  4  1  5  4  9  4 10  2      1  4  1  8  2 10  7 10  6
2456                 1  4  1  4 10  8  1  6 10      1  6  9  1  8  2 10  3  9
2457                 1  4  1  5  4  1  4  8  7      1  4  1  4  2  9  3  9  4
2458                 1  4  1  5  9  2  8  6  4      1  4  9  1  4  2  9  7 10
2467                 1  4  1  5  9  2  4  6  4      1  4  9  1  4  2 10  3  9
2458                 1  4  1  4  1  7 10  1  4      1  4  1  4  2  9  7 10  2
2478                 1  4  2  1  7  4  9  4  9      1  4  1  4  2  8 10  5  9
2567                 1  4  1  4  9  8  7  8  2      1  4  1 10  2  8  3  9  2
2568                 1  4  1  4  9  8  2  5  4      1  4  1  4  2  8  9  1 10
2578                 1  4  1  8  9  4  2  5  8      1  4  3 10  6 10  8  7  9
2678                 1  4  1  6  4  8  2  5  9      1  4  1  9  2  4  7  9  4
3456                 1  4  1  4  8  9 10  1 10      1  4  1  4  2  4  9  1  9
3457                 1  4  1  8  9  8  7  8  9      1  4  1  4  1  4  7  8  1  9
3458                 1  4  1  5  4  2  4 10  8      1  4  1  4  1  4  3 10  5 10  2
3467                 1  4  1  5  4  6  4  9  8      1  4  1  4  1  4  7  8  1  9  2
3468                 1  4  1  8  9  8  7  4  9      1  4  1  4  1  4  3 10  5 10
3478                 1  4  1  6  8  9  8  1  4      1  4  1  8  9  2 10  5 10
3567                 1  4  1  4  8  5  4  8  9      1  4  1  4  6  9  7  9  8
3568                 1  4  1  6  8 10  8  1  8      1  4  1  6 10  2  4  1 10
3578                 1  4  1  4  8  1  4  1  5      1  4  1  9  6  8  7  9  8
3678                 1  4  1  4  3  1  8  5  9      1  4  1  4  6  8  9  5  9
4567                 1  4  1  6  9 10  1  6  4      1  4  1  6 10  6  8  1  9
4568                 1  4  1  4  8  2  7  4 10      1  4  1  4  2  9  7 10  2
4578                 1  4  1  4  1  7  9  1 10      1  4  1  4  2  4 10  5 10
4678                 1  4  1  4  8  1  4  3  7      1  4  1  9  2  4  7 10  4
5678                 1  4  1  4  1  4  1  4  7  4   1  4  9  1 10  2  8  3  9