00000000 : 6 13 12 3 0 8 3 0 6 
00001020 : 6 13 4 12 0 11 4 0 6 
01001120 : 6 4 8 2 13 12 8 0 6 
01101210 : 0 8 1 12 10 3 8 0 6 
02201100 : 12 9 13 3 6 0 13 0 6 
00202110 : 9 3 13 2 13 2 8 0 6 
21021021 : 7 13 12 5 0 7 4 6 0 
22012011 : 6 13 12 5 0 7 4 6 0 
02100122 : 12 9 4 11 1 6 3 11 0 
00101001 : 10 2 7 0 11 4 6 0 6 
02001111 : 1 11 5 0 9 3 8 0 6 
01201001 : 0 9 6 3 12 6 3 0 6 
02201211 : 0 8 1 12 9 5 8 0 6 
00001001 : 10 0 9 7 0 9 6 0 6 
00002221 : 9 0 11 2 9 12 9 0 6 
00001221 : 9 0 9 13 9 2 11 0 6 
00102201 : 10 2 7 0 11 5 6 0 6 
01002101 : 6 13 3 12 8 2 8 0 6 
02001111 : 2 10 0 11 7 2 6 0 6 
02102102 : 9 0 6 3 6 1 8 0 6 
02201001 : 10 0 10 7 0 9 6 0 6 
00000201 : 12 6 12 4 13 0 8 0 6 
00000021 : 7 12 4 13 8 0 8 0 6 
00200001 : 2 6 12 4 13 0 8 0 6 
02000001 : 6 12 4 13 8 0 8 0 6 
01001102 : 10 3 2 6 0 11 4 0 6 
02201212 : 10 2 6 1 6 1 8 0 6 
00002212 : 10 0 7 0 13 0 6 0 6 
00002021 : 7 12 4 13 5 0 8 0 6 
02002001 : 10 2 6 12 4 0 7 0 6 
00210210 : 4 6 2 13 7 3 12 0 6 
02010110 : 7 4 8 2 13 12 8 0 6 
02110200 : 2 9 13 3 6 0 13 0 6 
02110220 : 3 12 10 3 2 10 5 0 6 
02011210 : 3 12 6 3 0 10 6 0 6 
02011020 : 6 5 8 3 13 12 8 2 6 
00110002 : 6 13 4 0 9 3 9 7 0 
00012110 : 2 6 13 3 12 2 8 0 6 
00211100 : 2 7 4 13 10 12 5 0 6 
22011100 : 12 7 13 0 9 12 0 8 0 
01112220 : 4 7 4 0 9 12 11 0 6 
02212200 : 0 12 6 4 9 4 12 0 6 
20111012 : 0 11 6 4 0 10 12 8 0 
01021200 : 3 6 5 8 3 13 12 8 2 
02010121 : 4 12 6 3 0 10 6 0 6 
01210101 : 8 1 8 1 9 3 8 0 6 
02120221 : 0 12 11 6 3 10 12 0 6 
01011211 : 12 6 0 9 12 4 6 0 6 
22101001 : 7 1 12 10 4 10 0 6 0 
00010011 : 6 3 13 12 5 6 2 8 0 
00012111 : 10 0 7 3 11 2 6 0 6 
00212002 : 12 6 13 12 0 7 5 0 6 
01011021 : 2 10 0 7 2 11 6 0 6 
02222111 : 10 0 11 7 5 2 6 0 6 
00221012 : 6 4 12 3 10 0 6 0 6 
00211221 : 7 12 4 13 6 0 8 0 6 
01212002 : 7 4 12 3 10 0 6 0 6 
02211201 : 6 12 4 13 6 0 8 0 6 
02011112 : 1 8 1 10 7 3 7 0 6 
01211201 : 9 1 13 7 13 3 8 0 6 
00112002 : 9 5 11 6 4 0 6 0 6 
01111022 : 2 9 1 7 3 11 6 0 6 
00021000 : 12 6 13 12 0 8 5 0 6 
00221110 : 12 7 3 10 12 2 6 0 6 
20011210 : 2 6 13 0 9 12 0 8 0 
11011001 : 12 6 4 13 10 12 3 0 6 
01121000 : 3 7 12 3 0 9 5 0 6 
00221000 : 6 4 2 9 8 13 12 0 6 
02012100 : 12 9 8 0 7 2 6 0 6 
02021000 : 9 3 1 11 3 6 5 0 6 
00210111 : 2 12 7 0 9 12 6 0 6 
02020021 : 9 4 11 4 1 7 5 0 6 
01120001 : 4 7 12 3 0 9 5 0 6 
00022111 : 12 6 0 9 12 5 6 0 6 
00121021 : 10 2 7 3 13 0 6 0 6 
01021221 : 12 10 4 11 1 6 3 0 6 
01121001 : 10 8 0 7 3 2 6 0 6 
01211221 : 1 8 0 9 6 2 6 0 6 
02021111 : 1 8 1 9 7 3 7 0 6 
02121011 : 1 8 1 9 7 4 7 0 6 
21121110 : 6 1 9 0 12 3 0 6 0 
02211221 : 8 0 12 9 6 3 12 0 6 
00022011 : 10 2 7 13 3 0 6 0 6 
00122001 : 9 5 11 6 3 0 6 0 6 
00121221 : 10 2 6 0 8 3 6 0 6 
02012211 : 12 9 12 6 1 12 6 0 6 
02021011 : 1 7 1 10 1 11 6 0 6 
00020121 : 5 2 9 0 7 2 6 0 6 
02020001 : 6 12 4 13 5 0 8 0 6 
00221221 : 9 1 8 5 6 4 6 0 6 
01111022 : 2 9 1 7 5 11 6 0 6 
00022001 : 6 13 12 5 7 0 6 0 6 
02022012 : 10 2 7 13 4 0 6 0 6 
10000200 : 9 12 3 12 1 11 4 0 6 
11200120 : 9 8 0 8 1 11 8 0 6 
10001100 : 9 2 7 0 11 4 6 0 6 
10001010 : 6 13 12 0 11 0 8 0 6 
01021200 : 6 13 3 12 2 6 3 6 0 
11001110 : 6 13 3 12 2 11 8 0 6 
20021110 : 6 13 0 9 12 5 0 8 0 
12001120 : 3 12 6 3 0 9 6 0 6 
10001000 : 9 0 9 7 0 9 6 0 6 
10201020 : 10 0 9 13 9 2 11 0 6 
10202100 : 9 2 7 0 11 5 6 0 6 
10202020 : 10 0 11 2 9 12 9 0 6 
10202120 : 3 13 7 5 10 4 12 0 6 
12002120 : 10 13 3 13 6 5 6 0 6 
12001200 : 9 0 10 7 0 9 6 0 6 
12002020 : 9 2 6 5 12 0 7 0 6 
21000001 : 6 0 12 9 8 12 5 0 6 
12000111 : 1 11 5 0 10 3 8 0 6 
21200221 : 1 12 11 6 3 10 12 0 6 
12000211 : 4 12 6 3 0 9 6 0 6 
11000021 : 9 4 11 1 6 3 11 0 6 
11101021 : 6 3 10 12 3 2 6 0 6 
12201111 : 4 13 6 4 9 3 6 0 6 
12201111 : 3 13 6 4 9 3 6 0 6 
12001211 : 3 13 7 4 9 5 7 0 6 
12201221 : 3 12 6 3 9 2 6 0 6 
12201221 : 4 12 6 3 9 2 6 0 6 
10001201 : 10 13 0 13 9 0 9 0 6 
10001121 : 9 0 6 5 8 2 6 0 6 
10101021 : 10 0 6 5 8 2 6 0 6 
10202002 : 12 7 13 12 0 7 5 0 6 
11002011 : 2 10 0 7 3 2 6 0 6 
12101121 : 12 10 1 11 7 4 6 0 6 
10200212 : 4 13 7 5 10 4 12 0 6 
20001202 : 7 13 12 8 0 7 5 0 6 
10101021 : 10 0 7 4 2 11 6 0 6 
10201112 : 0 8 1 10 7 3 7 0 6 
11001012 : 2 10 0 7 4 2 6 0 6 
12201012 : 9 1 11 12 6 12 8 0 6 
10001102 : 9 1 11 1 7 0 6 0 6 
10001012 : 10 0 6 4 8 2 6 0 6 
20101001 : 10 0 6 3 8 2 6 0 6 
10201112 : 0 7 1 9 1 11 6 0 6 
11001222 : 10 1 7 3 11 5 6 0 6 
11002121 : 12 10 1 7 5 11 6 0 6 
22101102 : 9 0 10 7 0 10 6 0 6 
11201002 : 6 12 1 10 13 2 8 0 6 
11010000 : 7 13 12 0 11 0 8 0 6 
12010110 : 4 13 10 3 6 12 6 0 6 
12010110 : 3 13 10 3 6 12 6 0 6 
11210010 : 12 1 8 1 10 3 8 0 6 
22210120 : 0 13 6 0 13 10 7 0 6 
22011210 : 9 0 9 7 0 9 4 6 0 
10011220 : 3 12 7 3 9 2 7 0 6 
10211100 : 3 12 7 3 10 2 7 0 6 
21011101 : 3 13 7 4 10 6 3 8 0 
10112010 : 9 0 7 3 11 2 6 0 6 
11012010 : 12 9 0 7 4 2 6 0 6 
10010112 : 3 12 2 7 3 10 7 0 6 
10210111 : 2 6 0 9 12 4 6 0 6 
10210011 : 4 12 7 3 10 2 7 0 6 
10210011 : 6 13 12 0 7 5 11 0 6 
12110011 : 7 3 10 12 3 2 6 0 6 
12210211 : 12 1 8 1 12 9 8 0 6 
11210002 : 3 13 10 4 7 12 5 0 6 
21011011 : 4 13 7 4 10 6 3 8 0 
11210221 : 8 0 8 1 12 9 8 0 6 
10012111 : 6 0 9 5 12 3 6 0 6 
10211211 : 1 7 12 7 1 9 3 0 6 
11021101 : 7 0 9 5 12 3 6 0 6 
21011011 : 6 0 9 3 12 5 6 0 6 
12011211 : 0 7 12 7 1 9 3 0 6 
12211121 : 3 12 6 3 10 2 6 0 6 
12211221 : 0 13 9 6 2 12 4 0 6 
10011201 : 7 0 9 1 12 0 6 0 6 
12012111 : 1 11 5 0 10 4 8 0 6 
12212101 : 4 7 13 8 4 10 6 0 6 
12212121 : 6 3 13 12 6 2 8 0 6 
12112221 : 1 12 8 1 9 6 3 0 6 
20010202 : 6 13 12 8 0 7 5 0 6 
21211202 : 3 7 13 4 10 8 4 6 0 
10011201 : 9 3 6 4 7 1 6 0 6 
12211012 : 3 7 13 8 4 10 6 0 6 
11211102 : 8 1 8 1 10 4 8 0 6 
12212212 : 10 0 8 0 7 2 8 0 6 
11012202 : 9 1 13 7 13 11 8 0 6 
12212112 : 9 8 3 11 1 6 4 0 6 
11020100 : 6 12 1 13 11 2 8 0 6 
12120120 : 10 4 9 12 9 1 8 0 6 
12020020 : 10 4 11 4 1 7 5 0 6 
10021120 : 9 2 7 3 13 0 6 0 6 
11021100 : 9 8 0 7 3 2 6 0 6 
11021120 : 6 3 13 12 2 11 8 0 6 
12221020 : 6 4 11 6 13 1 9 0 6 
10022010 : 9 2 7 13 3 0 6 0 6 
10221120 : 9 2 6 0 8 3 6 0 6 
12020002 : 2 6 13 12 0 7 5 0 6 
12020112 : 1 11 6 0 10 12 8 0 6 
10011201 : 6 0 9 1 12 0 6 0 6 
21022111 : 1 8 0 13 2 10 8 0 6 
21211021 : 1 8 1 9 6 5 6 0 6 
12211101 : 9 3 2 10 13 9 6 0 6 
12011201 : 4 7 13 4 9 5 7 0 6 
12011021 : 3 7 13 4 9 5 7 0 6 
12221201 : 4 12 2 6 3 9 6 0 6 
12221021 : 3 12 2 6 3 9 6 0 6 
12112221 : 10 1 8 1 11 6 5 0 6 
11122021 : 1 7 0 10 3 1 6 0 6 
12112001 : 4 7 13 6 4 10 8 0 6 
12122211 : 4 13 6 4 10 4 6 0 6 
21022201 : 0 9 0 6 12 0 6 0 6 
10120002 : 12 10 2 7 4 0 6 0 6 
10210201 : 4 6 13 4 10 7 5 0 6 
10210012 : 7 12 1 10 13 2 8 0 6 
10021002 : 10 4 12 8 2 6 12 0 6 
11011012 : 1 7 1 10 4 1 6 0 6 
11211102 : 10 1 8 0 6 2 6 0 6 
11121022 : 1 7 0 10 4 1 6 0 6 
12121122 : 3 13 6 4 10 4 6 0 6 
12011201 : 1 6 0 9 6 1 6 0 6 
12211002 : 1 6 0 10 6 1 6 0 6 
12221211 : 9 1 6 5 8 4 6 0 6 
10021112 : 9 2 6 3 8 0 6 0 6 
10121102 : 9 2 8 3 6 0 6 0 6 
10122012 : 10 12 7 4 12 2 6 0 6 
10222221 : 9 1 8 4 6 5 6 0 6 
21022021 : 1 7 0 9 5 1 6 0 6 
11222112 : 6 4 10 5 12 2 6 0 6 
11122211 : 9 1 6 5 8 3 6 0 6 
20200100 : 6 12 1 13 2 7 5 0 6 
20101110 : 9 0 7 4 11 2 6 0 6 
20201120 : 7 12 1 13 2 6 5 0 6 
22201210 : 9 2 6 1 6 1 8 0 6 
21001200 : 6 13 0 9 12 0 8 0 6 
21001010 : 12 6 13 3 12 2 8 0 6 
12201120 : 9 1 12 6 12 11 8 0 6 
20221210 : 9 0 7 0 13 0 8 0 6 
21002200 : 7 13 1 9 2 12 8 0 6 
12002000 : 9 2 6 12 4 0 7 0 6 
11200011 : 12 10 0 11 7 2 6 0 6 
22100211 : 10 0 8 1 11 5 8 0 6 
20201111 : 0 8 1 9 7 3 7 0 6 
22001011 : 3 13 6 4 12 9 6 0 6 
22001211 : 0 8 1 6 12 9 6 0 6 
12101221 : 0 8 0 9 6 2 6 0 6 
22001211 : 10 1 11 12 6 12 8 0 6 
22001111 : 3 13 7 4 9 3 7 0 6 
12120111 : 9 1 6 3 2 8 2 6 0 
20001011 : 9 0 6 4 8 2 6 0 6 
20002111 : 6 13 3 12 7 2 8 0 6 
20101001 : 10 1 11 1 7 0 6 0 6 
20201211 : 10 2 7 12 0 12 6 0 6 
20201011 : 0 7 1 10 1 11 6 0 6 
21201021 : 9 1 7 3 11 5 6 0 6 
11002121 : 12 10 1 7 3 11 6 0 6 
22002011 : 10 5 1 11 6 0 8 0 6 
22101102 : 10 0 10 7 0 10 6 0 6 
12102021 : 12 10 1 11 8 4 8 0 6 
10200102 : 9 5 2 6 13 10 6 2 6 
21000011 : 6 12 4 13 0 11 8 0 6 
20201212 : 10 2 6 1 8 2 6 0 6 
20201212 : 9 2 6 1 8 2 6 0 6 
12101212 : 0 8 0 10 6 2 6 0 6 
12101102 : 9 1 6 12 11 4 7 0 6 
20001212 : 9 0 8 5 6 2 6 0 6 
20201012 : 10 0 8 5 6 2 6 0 6 
20010210 : 7 13 0 9 12 0 8 0 6 
22210100 : 6 12 1 13 2 6 5 0 6 
21011010 : 12 9 0 7 3 2 6 0 6 
21012220 : 1 8 1 10 12 7 12 0 6 
11211200 : 10 1 13 7 13 3 8 0 6 
20012100 : 2 9 2 7 3 0 6 0 6 
12122020 : 9 0 8 1 6 5 6 0 6 
20210112 : 0 11 6 0 10 12 8 0 6 
20210121 : 2 10 4 11 1 6 3 0 6 
21210021 : 2 9 4 11 1 6 3 0 6 
21010221 : 8 0 8 1 9 5 8 0 6 
20011201 : 9 0 6 0 8 0 6 0 6 
12121021 : 0 8 1 9 6 5 6 0 6 
12212121 : 9 0 6 3 2 6 3 8 0 
20122201 : 1 9 0 6 12 0 6 0 6 
22212211 : 9 0 8 0 7 2 8 0 6 
21212001 : 10 1 13 7 13 11 8 0 6 
22010111 : 10 8 1 7 5 11 6 0 6 
12110012 : 9 8 1 7 5 11 6 0 6 
20021002 : 6 13 12 3 0 6 3 0 6 
10111012 : 0 7 1 10 4 1 6 0 6 
10211201 : 0 6 0 9 6 1 6 0 6 
21111022 : 0 7 0 10 4 1 6 0 6 
12211002 : 0 6 0 10 6 1 6 0 6 
22211211 : 2 10 1 12 6 12 8 0 6 
22111122 : 7 1 9 5 2 12 6 0 6 
21211212 : 7 0 12 1 10 0 6 0 6 
20020210 : 6 13 1 9 2 12 8 0 6 
10120200 : 2 9 8 0 7 2 6 0 6 
10121220 : 10 1 7 4 7 5 8 0 6 
10221220 : 10 1 8 5 6 4 6 0 6 
22012210 : 4 7 3 9 8 1 6 0 6 
22022010 : 9 2 7 13 4 0 6 0 6 
12222120 : 10 1 8 5 6 5 6 0 6 
10220211 : 2 9 12 6 1 12 6 0 6 
12220211 : 9 1 12 6 12 5 8 0 6 
22120111 : 9 4 9 12 10 1 8 0 6 
20021001 : 9 4 12 8 2 6 12 0 6 
20111101 : 9 12 4 12 6 2 6 0 6 
21111201 : 9 1 8 0 6 2 6 0 6 
22121211 : 4 13 6 4 9 4 6 0 6 
20022111 : 9 12 7 4 12 2 6 0 6 
20121011 : 10 2 6 3 8 0 6 0 6 
10222221 : 10 1 8 4 6 5 6 0 6 
20121221 : 7 1 9 0 12 0 6 0 6 
12022211 : 10 1 6 4 8 5 6 0 6 
22112201 : 6 1 9 0 12 0 6 0 6 
10010122 : 12 1 7 1 10 1 6 0 6 
22010122 : 3 7 3 9 8 1 6 0 6 
12210102 : 3 7 3 10 8 1 6 0 6 
22110022 : 8 0 7 0 10 1 6 0 6 
10221002 : 0 6 1 10 6 1 6 0 6 
10221221 : 9 1 8 4 6 4 6 0 6 
21211212 : 6 0 12 1 10 0 6 0 6 
22011002 : 1 6 1 10 6 1 6 0 6 
11221202 : 10 1 6 1 8 0 6 0 6 
21221201 : 9 1 6 1 8 0 6 0 6 
20012202 : 9 2 8 2 6 0 6 0 6 
20021221 : 9 4 6 3 7 1 6 0 6 
20121212 : 10 2 6 4 8 0 6 0 6 
20221112 : 9 2 6 4 8 0 6 0 6 
10221022 : 10 4 6 3 7 1 6 0 6 
11121222 : 9 1 7 4 11 3 6 0 6 
22012021 : 6 4 13 0 12 5 8 0 6 
22222121 : 9 1 8 4 6 3 6 0 6 
