1234             1  4  3  9  1  7 10  3  4  5
1235             1  4  3  9  1  4  1  6  4  8
1236             1  4  3  9  2  9  1 10  4  3
1237             1  4  3 10  1  9  8  5  9 10
1238             1  4  3  9 10  6  4  3 10  1
1245             1  4  3  9  1  4  1  4  8  2
1246             1  4  3  9  1  9  3  4 10  8
1247             1  4  3  9  8  2 10  3  9  3
1248             1  4  1  4  3 10  8  5 10  2
1256             1  4  3  9  4 10  8  3 10  1
1257             1  4  3 10  1  8  7  9  8 10
1258             1  4  1  4  2  1 10  5  4  8
1267             1  4  3  9  1 10  5  9  4  2
1268             1  4  3 10  1  8  7 10  4  9
1278             1  4  3  9  1  8  9  3 10  2
1345             1  4  3  9  1  8  1  7  8  1
1346             1  4  3  9  3 10  2  8 10  7
1347             1  4  3 10  1  4 10  4 10  1
1348             1  4  3 10  8  3  8  3  9  6
1356             1  4  3  9  2 10  5  9  4  3
1357             1  4  3  9  5  4  3  9  4  9
1358             1  4  3 10  1  8  5 10  4  2
1367             1  4  3  9  2  8  9  3 10  3
1368             1  4  3  9  5  4  3 10  8 10
1378             1  4  3  9  5 10  8  5  9 10
1456             1  4  3  9  3 10  4  2  4  7
1457             1  4  3 10  1  6 10  6  9  1
1458             1  4  3 10  1 10  6  9 10  1
1467             1  4  3 10  4  9 10  3  8  5
1468             1  4  3 10  3  4 10  6  9  3
1478             1  4  3 10  4  6 10  3  4  7
1567             1  4  3  9  4  1  8  6  9  3
1568             1  4  3  9  4  2  1 10  8  3
1578             3  8  9  3 10  8  7  4 10  7
1678             1  4  9  1 10  4  5  8 10  5
2345             1  4  3 10  1 10  8  5  4  8
2346             1  4  3  9  1  9  1  9  4  6
2347             1  4  3  9  1  4  2  1  9 10
2348             1  4  3  9  1  4  1  9 10  6
2356             1  4  3  9  1  4  2  9 10  5
2357             1  4  3  9 10  8  9  3 10  1
2358             1  4  3  9 10  2  4  7  9  1
2367             1  4  3  9  6  8  9  3  8  7
2368             1  4  3 10  1  9  8  6  4  1
2378             1  4  3  4 10  2  4  3  8  7
2456             1  4  3  9  1  4  3  7  8  3
2457             1  4  3  9  1  8  1  4  1  5
2458             1  4  3  9  1  8  7  9  2 10
2467             1  4  3  9  1  8  7 10  6  9
2458             1  4  3  9  1  5  8  1  4  5
2478             1  4  3  9  4  9 10  7 10  1
2567             1  4  3  4  2  8  5 10  8  3
2568             1  4  3 10  1  8 10  4  9  1
2578             1  4  3 10  4  8  2  3  4  7
2678             1  4  1  4  9  1 10  5  9  6
3456             1  4  3  9  4  3 10  5  9 10
3457             1  4  3  9  1  6  4  6  8  5
3458             1  4  3  9  1  4  6  4  8  5
3467             1  4  3  9  1  9  8  9  4  5
3468             1  4  3  9  1  8  9  6 10  5
3478             1  4  3  2  8  7  9  1
3567             1  4  3  9  1  8  9  4  8  5
3568             1  4  3  9  1 10  2  9  4  5
3578             1  4  3 10  1  9  8  9 10  1
3678             1  4  3  9  8  9  8  3  4  5
4567             1  4  3  9  3  8  6  8 10  7
4568             1  4  3  9  1  5  4  5  8  5
4578             1  4  3  9  4  9  4  7  9  1
4678             1  4  3  9  8  2  9  3  4  7
5678             1  9 10  8  3  9  4  3  9  1