1234            1  4  1  4  9  4  3  4  1             1  4  3  8 10  2  9  3  4  1
1235            1  4  1  4 10  8  3  9  3             3  9  3  9  3  9  5 10  3  4  3
1236            1  4  1  4 10  8  3  9  1             3  9  3  9  3  9  5 10  3  4  1
1237            1  4  1  4  8  1  9  4  5             1  4  3  8  2  8 10  3  4  1
1238            1  4  1  6  9 10  3  8  1             1  4  3  9  2  8  5  9  8  5
1245            1  4  2  9  2  9  4  9  1             3  9  3  9  3  9  1  8  7  8  1
1246            1  4  1  4 10  8  7  4  7             3  9  3  9  3  9  1  8  7  8  3
1247            1  4  1  6  9 10  7  9  7             1  4  3  9  2  8  1  4  9  1
1248            1  4  1  4  8  1  9  4  7             1  4  3  8  2  8 10  7 10  7
1256            1  4  9  3  4  8  3 10  8  1          1  4  3  4  2  4 10  3  9  5
1257            1  4  1  4  9  8  3 10  7             1  4  3  4  9  6 10  3 10  7
1258            1  4  1  4  9  8  3 10  5             1  4  3  4  9  2  9  7  4  1
1267            1  4  1  4  9  8  7  8  1             1  4  3  4  9  2  9  3  9  5
1268            1  4  1 10  8  9  7  4  7             1  4  3  4  9  2  9  3  9  7
1278            7 10  7  9  4  9  5  9  7  9 10       1  4  9  1  9  2  4  3  9  5
1345            1  4  1  6  4  8  3  4  1             1  4  3  4  2  4  9  3  4  1
1346            1  4  1  8  9  4  3  9  1             1  4  3 10  2  9  4  3  4  1
1347            1  4  1  5  4  9  4 10  7             1  4  3  4  2  8  9  7  9  7
1348            1  4  1  5  4  9  4 10  5             1  4  3  4  2  8  9  3  8  1
1356            1  4  1  4  9  8  3 10  1             1  4  3  6  9  2  4  7  8  1
1357            1  4  1  7  4  2  4  1  6             1  4  3  8  2  8  9  3  9  5
1358            1  4  1  5  4  2  1  4  8             1  4  3  4  1  5  4  1 10  7
1367            1  4  1  5  4  1  4  8  2             1  4  3  4  2 10  1  9  8  7
1368            1  4  1  7  4  2  4  2  7             1  4  3  4 10  2 10  3  8  3
1378            1  4  1  4  8  1  4  2  5             1  4  3  9  2  8  5 10  8  5
1456            1  4  1  4  9  8  7  8  7             1  4  3  6  9  6  8  3  9  7
1457            1  4  1  5  4  2  7  9 10             1  4  3  4  1  5  4  1 10  5
1458            1  4  1  7  4  2  4  2  3             1  4  3  8  2  8  9  3  9  7
1467            1  4  1  7  4  1  5  9  3             1  4  3  4 10  6  9  3  4  1
1468            1  4  1  5  4  2  3  9 10             1  4  3  4  2 10  1  9  8  5
1478            1  4  1  4  8  1  4  2  7             1  4  3  9  2  8  1  8  9  3
1567            1  4  1  4 10  8  3  9  7             1  4  9  1 10  6  8  3  4  1
1568            1  4  1  4 10  8  3  9  5             1  4  9  1 10  2  4  3  8  3
1578            1  4  1  8  9  4  3  9  5             1  4  3  8  2 10  1  8  9  3
1678            1  4  1  6  4  8  7 10  1             1  4  1  4 10  2 10  1  9  5
2345            1  4  1  8  9  4  3  9  3             1  4  3 10  2  9  4  3  4  3
2346            1  4  1  6  4  8  3  4  3             1  4  3  4  2  4  9  3  4  3
2347            1  4  2  4  9  4  9  4  1             1  4  3  4  6  4 10  3  4  1
2348            1  4  2  9  2  9  8  9  7             1  4  3  4  2  8  9  3  8  3
2356            1  4  1  4  9  8  3 10  3             1  4  3  6  9  2  4  3 10  7
2357            1  4  1  5  4  2  3  4  8             1  4  3  4  6  9  1  9  4  5
2358            1  4  1  7  4  2  9  4  7             1  4  3  4 10  2 10  3  8  1
2367            1  4  1  7  4  1  5  9  5             1  4  3  8  6  4 10  3 10  7
2368            1  4  1  5  4  2  4  8  3             1  4  3  4  2 10  1  8  2  3
2378            1  4  1  4  8  1 10  4  5             1  4  3  9  6  4  1  4 10  3
2456            1  4  1 10  8  9  7  4  1             1  4  3  6  9  2  4  3 10  5
2457            1  4  1  7  4  1  5  9  1             1  4  3  4 10  2 10  7  9  7
2458            1  4  1  5  4  1  4  8  6             1  4  3  4  2 10  5  4 10  3
2467            1  4  1  5  4  1  6  4  8             1  4  3  4  1  5  4  5  4  3
2458            1  4  1  7  4  1  5  9  7             1  4  3  8  2  8  9  7  4  1
2478            1  4  1  4  8  1 10  4  7             1  4  3  9  2  8  1  8  9  1
2567            1  4  1  4 10  8  7  4  1             1  4  9  1 10  2  4  7  9  7
2568            1  4  2  9  2  9  4  9  7             1  4  9  1 10  2  4  3  8  1
2578            1  4  1  6  4  8  3  4  5             1  4  3  4  1  5  8  1  8  3
2678            1  4  1  8  9  4  7  4  1             1  4  3  8  2 10  1  8  9  1
3456            1 10  1  9  4  9  3  9  1  9 10       1  4  9  1 10  2  8  3  9  5
3457            1  4  1  4  8  1  4  2  3             1  4  3  4  2  9  1  4  9  3
3458            1  4  1  4  8  1  4  1  6             1  4  3  4  2  9  5  9  8  5
3467            1  4  1  4  8  1  4  2  1             1  4  3  4  2  9  1  4  9  1
3468            1  4  1  4  8  1  4  3  6             1  4  3  4  6 10  1  8 10  3
3478            1  4  1  8  9  8  3  8  1             1  4  5  8 10  2 10  1 10  5
3567            1  4  1  6  9 10  3  8  7             1  4  3  4  2  8 10  3 10  7
3568            1  4  1  4  8  5  8  9  5             1  4  3 10  2  4  5  9  8  5
3578            1  4  1  5  4  9  4 10  3             3  9  3  9  4  6  8  3  4 10  1
3678            1  4  1  5  4  9  4 10  1             3  9  3  9  4  6  8  3  4 10  3
4567            1  4  1  4  8  1  9  4  1             1  4  3 10  2  4  1  4  9  1
4568            1  4  1  6  9 10  3  8  5             1  4  3  4  2  8 10  3 10  5
4578            1  4  2  9  2  9  8  9  1             3  9  3  9  4  2  4  3  8  9  3
4678            1  4  2  4  9  4  9  4  7             3  9  3  9  4  2  4  3  8  9  1
5678            1  4  1  4  9  4  3  4  5             1  4  5  4  2  8  9  1  4  1