1234            -                              1  4  1  4  1  5  8  1  8  7
1235            1  4  1  7  4 10  2  7         1  4  1  4  9  2  9  7  4  7
1236            1  4  1  7  4 10  7  8         1  4  1  4  2  9  1  8 10  7
1237            1  4  1  7  4 10  7  4         1  4  1  4  2  8  9  7  9  7
1238            1  4  1  7  4  9  3 10         1  4  3  4  2  8 10  1  8  3
1245            1  4  1  7  4 10  2  5         1  4  1  4  2  9  1  4 10  7
1246            1  4  1  7  4 10  5  8         1  4  1  4  9  2  9  3  9  3
1247            1  4  1  7  4 10  5  4         1  4  3  4  1  5  8  3  8 10  3
1248            1  4  1  7  4  9  1  9         1  4  1  4  2  8  9  3  8  3
1256            1  4  1  7  4  8 10  5         1  4  1  4  1  5  8  1  4  3
1257            1  4  1  4  8  3 10  7         1  4  1  4  2  9  1 10  5  4
1258            1  4  1  4  8  3 10  5         1  4  3  4  1  5  9  8  1  4  3
1267            1  4  1  4  8  7  8  1         1  4  3  4  2  4  9  1 10  7
1268            1  4  5  9 10  3  4  3         1  4  1  4  2  4 10  3  9  7
1278            1  4  1  7  9  1  9 10         1  4  1  4  2 10  1  8  5 10
1345            1  4  1  7  4  9  3  8         1  4  1  4 10  2 10  7 10  7
1346            1  4  1  4  8  3  9  1         1  4  1  4  1  5  4  5  8  3
1347            1  4  1  7  4  9  3  6         1  4  1  4  2 10  1  4  1  4
1348            1  4  1  7  4  9  2  1         1  4  1  4  2  9  1  8  9  3
1356            1  4  1  9 10  3  9  5         1  4  3  4  2  9  7  4 10  7
1357            1  4  8  1  4  3  7  8         1  4  3  4  2  9  7  9  1  8
1358            1  4  2  9  4  6 10  3         1  4  1  4  2  4  9  7 10  7
1367            1  4  2  9  4  6  9  7         1  4  3  4  2  4 10  1  8  7
1368            1  4  8  1  4  3  7  4         1  4  3  4  2  8  9  1  9  7
1378            1  4  1  7  9  1  9  6         1  4  3  4  2  9  7  9  1  9
1456            1  4  1  9 10  3  9  7         1  4  3  4  2 10  3  9  5 10
1457            1  4  1  7  9  1  8  9         1  4  1  4  2 10  1  8  5  8
1458            1  4  8  1  9  3  7  9         1  4  1  4  2  8 10  3  9  3
1467            1  4  8  1  9  1  5  9         1  4  1  4  1  4  3 10  3  9  7
1468            1  4  1  7  9  1  4  9         1  4  1  4  2 10  1  8  5  4
1478            1  4  1  7  9  1  6  9         1  4  1  4 10  6  9  3  4  7
1567            1  4  8  2  9  8 10  1         1  4  1  4  9  6 10  3  9  7
1568            1  4  8  2  9  4 10  3         1  4  1  4  1  9  3 10  3  8  3
1578            1  4  8  9  4 10  3  4         3  8  3  8  9  6 10  1  9  5  4
1578            1  4  8  9  4  9  7  9         3  8  3  8  3  9  1 10  1  4  1  8
2345            1  4  1  4  8  3  9  3         1  4  1  4  1  5  4  1  9  7
2346            1  4  1  7  4 10  5  9         1  4  1  4 10  2 10  3  4  3
2347            1  4  1  7  4  9  1  6         1  4  1  4  2  9  1  4  9  3
2348            1  4  1  7  4  9  1  4         1  4  1  4  2 10  5  9  5  8
2356            1  4  3  9 10  1 10  5         1  4  1  4  2  9  1 10  5  9
2357            1  4  1  7  9  1  8 10         1  4  1  4  6  9  1  4  5  8
2358            1  4  8  1  9  3  7 10         1  4  1  4  1  4  7  8  7 10  7
2367            1  4  8  1  9  1  5 10         1  4  1  4  2  8 10  3 10  7
2368            1  4  1  7  9  1  4 10         1  4  1  4  2  4  9  3  8  7
2378            1  4  1  7  9  1  6 10         1  4  1  4 10  2 10  3  8  7
2456            1  4  1  9 10  7  4  1         1  4  3  4  2  9  3  9  4  3
2457            1  4  8  1  1  1  5  8         1  4  3  4  2  8  9  5  8  3
2458            1  4  2  9  4  2 10  7         1  4  3  4  6  8  9  1  4  7
2467            1  4  2  9  4  2  9  3         1  4  1  4  2  4  9  3  4  3
2468            1  4  8  1  4  1  5  4         1  4  3  4  6 10  7 10  1  4
2478            1  4  1  7  9  1  9  2         1  4  1  4  1  5  4  1 10  3
2567            1  4  8  2  9  8 10  3         1  4  1  4  1  9  3 10  7  9  7
2568            1  4  8  2  9  4 10  1         1  4  1  4  9  2  9  3 10  7
2578            1  4  8  9  4 10  1  4         3  8  3  8  3  9  1 10  5  9  5  4
2678            1  4  8  9  4  9  5 10         3  8  3  8  9  2  9  1 10  5  8
3456            1  4  1  7  9  1  4  8         1  4  1  4  1  9  3  9  3  9  3
3457            1  4  1  7  9  1  6  8         1  4  3  4  6  4  9  5 10  3
3458            1  4  1  7  9  1  4  2         1  4  1  4  2  8  9  3  4  7
3467            1  4  1  7  9  1  4  6         1  4  1  4  6  4 10  3  8  7
3468            1  4  1  7  9  1  6  4         1  4  3  4  2  8 10  5  9  3
3478            1  4  1  5  9  2 10  1         1  4  1  4  2 10  1  8  5  9
3567            1  4  8  9  4  9  7  8         7  8  7  8 10  6 10  5  9  1  8
3568            1  4  8  9  4 10  3  9         7  8  7  8  7 10  5  9  1 10  1  4
3578            1  4  8  2  9  8  9  5         5  4  5  4 10  6 10  7  9  3
3678            1  4  8  2  9  4  9  7         5  6  5  4  5 10  7  9  3 10  3
4567            1  4  8  9  4  9  5  8         7  8  7  8  7 10  5  9  5  4  5  8
4568            1  4  8  9  4 10  1 10         7  8  7  8 10  2  9  5 10  1  4
4578            1  4  8  2  9  8  9  7         5  4  5  4  5 10  7  9  7  8  7
4678            1  4  8  2  9  4  9  5         5  4  5  4 10  2  9  7 10  3
5678            1  4  1  7  9  4  8  5         1 10  9  8  1  4  2  9  1  9  1