1234        1  4  3  4  1  4  9  1  9  1  9        1  4  1  4  2  4  3  4  5  9  5
1235        1  4  3  6  9  7 10  1  8 10  1        1  4  1  4  1  4  2  9 10  4  2
1236        1  4  3  4  1 10  3 10  3 10  8        1  4  1  4  1  4  2  3  1  4 10
1237        1  4  3  4  5 10  4  5  4  3 10        1  4  1  4  1  4  2  8  9 10  2
1238        1  4  3  4  1  8 10  1  8  1 10        1  4  1  4  1  4  2  8  6  9 10
1245        1  4  3  6  9  3  4  5  4  9  3        1  4  1  4  1  4  2  4  9  2  9
1246        1  4  3  6  9  8  1  4  3  4  3        1  4  1  4  1  4  2  4  2  9  2
1247        1  4  3  6  9  4  5  8  3  4  3        1  4  1  4  1  4  8  9 10  2  8
1248        1  4  3  4  9  7  4  9  7  9  7        1  4  1  4  1  4  2  8  2  6  9
1256        1  4  3  4  1  4  9  2  3 10  5        1  4  1  4  1  5  4  8  2  3  4
1257        1  4  3  4  5  8  3  8 10  3 10        1  4  1  4  2  8  7  4  9  4  8
1258        1  4  3  4  8  9  1  9  7  8  1        1  4  1  4  9  2  9  6  4  5  8
1267        1  4  3  6 10  8  5  9  3  8  3        1  4  1  4  1  7  4  8  2  1  4
1268        1  4  3  4  5  8  3  4  9  5  9        1  4  1  4  2  4  7  9  1  4  1
1278        1  4  3  6 10  3  4  9  3  8  1 10     1  4  1  4  2  4  9  4 10  5  8
1345        3  8  1  6  8  1  9  8  5  4  3        1  4  1  4  1  4  1  6  8  1  8
1346        1  4  3  6  4  3  9  4  7  8  1        1  4  1  4  1  4  1  5  9  1  5
1347        1  4  3  4  1  8 10  1  8  1  6        1  4  1  4  1  4  2  6  9  6  8
1348        1  4  3  4  1  8 10  1  8  2  3        1  4  1  4  1  4  2  8  9  6  9
1356        1  4  3  4  5  9  3  4  8 10  5        1  4  1  4  1  7  8  3 10  6  8
1357        1  4  3  4  1  8  3  4  8  9  5        1  4  1  4  2  4 10  2  4  5  8
1358        1  4  3  4  1  9  1  6 10  4  5        1  4  1  4  2  8  7  4  2  4  8
1367        1  4  3  6  8  3  9  5  8  9  3        1  4  1  4  2  8 10  4  7  8  2
1368        1  4  3  6  4  3  4  5  4 10  3        1  4  1  4  1  5  9  2  4  7  8
1378        1  4  3  6 10  3  4  9  7  9  7        1  4  1  4 10  7  4 10  8  6  4
1456        1  4  3  4  1  4  3  9 10  8  3        1  4  1  4  1  7  8  3  6  8 10
1457        1  4  3  4  1  9  1  6 10  4  7        1  4  1  4  2  4  8  9  8  1  4
1458        1  4  3  4  1  8  3  4  8  9  7        1  4  1  4  1  5 10  1  4  2  4
1467        1  4  3  6  4  7 10  1  8  9  1        1  4  1  4  2  4  8  5  8  9  2
1468        1  4  3  6  8  7  4  1  4 10  1        1  4  1  4  2  4  9 10  4  1  8
1478        1  4  3  6 10  3  4  9  3  8  1        1  4  1  4  2  8  7 10  4  9  4
1567        5  8  7  8  5  4 10  5  8  3           1  4  1  4  6  4 10  4 10  5  8
1568        7  4  5  4  7  8 10  7  4  1           1  4  1  4  9  4  1  5  9  3  4
1578        1  4  3  4  1  8 10  1  4  7  9        1  4  1  4  8 10  8  2 10  5  8
1678        1  4  3  4  5 10  4  5  8  5  9        1  4  1  4 10  5  8  9  3 10  5
2345        1  4  3  4  1  4  1  4  2  8  1        1  4  1  4  1  4  6 10  8 10  4
2346        1  4  3  4  1  4  1  8  2  8  3        1  4  1  4  1  4  2  6  8  2  8
2347        1  4  3  4  2  4  1  4  1  8  1        1  4  1  4  1  4  9  4  9  6  4
2348        1  4  3  4  1 10  3  4  9  7  9        1  4  1  4  1  4  6  8 10  4  8
2356        1  4  3  4  1  4  3  4  5  4  8        1  4  1  4  2  8  7  9  4  9  8
2357        1  4  3  4  1  8  1 10  6 10  5        1  4  1  4  1  5 10  1 10  6  8
2358        1  4  3  4  1  8  2  1  9  2  7        1  4  1  4  1  5 10  1  8  6  8
2367        1  4  3  4  1  8  9  5  4  5  9        1  4  1  4  1  4  1  9  2  5  4
2368        1  4  3  4  1  8  1  9  2  9  7        1  4  1  4  1  5 10  1  9  6  4
2378        1  4  3  4  1  4  3  4  7  9  6        1  4  1  4  1  7  8  2  3  8  9
2456        1  4  3  4  1  9  8  1 10  8  5        1  4  1  4  1  9  2  1  8  1  8
2457        1  4  3  4  1  8  1  6  9  3  9        1  4  1  4  1  5  4 10  2  3  8
2458        1  4  3  4  1  8  1 10  6 10  7        1  4  1  4  1  4  6  4  1 10  5
2467        1  4  3  4  1  8  1  9  2  9  5        1  4  1  4  2  4 10  8  7  4  6
2458        1  4  3  4 10  3  4  9  7  4  1        1  4  1  4  1  8  2  8  1 10  5
2478        1  4  3  4  1  4  2  1  4  7  9        1  4  1  4  1  7  8  3  9  6  4
2567        1  4  3  4  1  4  2 10  7  4  1        1  4  1  4  1  6  8  9  1 10  5
2568        1  4  3  4  1  4  6  9  3 10  7        1  4  1  4  1  5  9  2  8  3  4
2578        3  8  1  8  2  8  3  4  3 10  7        1  4  1  4  1  9  2  3 10  7  4
2678        1  4  3  4  2  4  1  8  1 10  5        1  4  1  4  2  4  9  2  9  5  4
3456        1  4  3  4  1  9  3  4  1  9  4        1  4  1  4  1  7 10  4  2  5  4
3457        1  4  3  4  1  8  3  9  5  9  2        1  4  1  4  1  5 10  1  6  8 10
3458        1  4  3  4  1  8  1  6 10  5 10        1  4  1  4  1  5 10  2  8  7  8
3467        1  4  3  4  1  8  1  6  9  1  9        1  4  1  4  3  8  3  9  1  9  6
3468        1  4  3  4  1  8  3 10  1 10  2        1  4  1  4  1  4  2  4  5  9  5
3478        1  4  3  4  1  4  1  6  8  5  9        1  4  1  4  1  6  4 10  1  8  1
3567        1  4  3  4  9  3 10  8  3  9  7        1  4  1  4  3  8 10  1 10  7 10
3568        1  4  3  4  1  8  9  1  9  2  7        1  4  1  4  8  2 10  7 10  6  4
3578        1  4  3  4 10  3  8  5 10  3  9        1  4  1  4  9  2  9  6  8  1  4
3678        1  4  3  6  9  3  4  1  9  4  7        1  4  1  4  1  6  4  1  4  8  7
4567        1  4  3  4  1  4  3  4  9 10  3        1  4  1  4  2  4  9  2  4  1  4
4568        1  4  3  4  9  3 10  8  3  9  5        1  4  1  4  1  4  1  6  4  5  4
4578        1  4  3  6 10  3  4  1  9  3  9        1  4  1  4  2  8  9 10  3  4  9
4678        1  4  3  6  9  3  4  1  9  4  5        1  4  1  4  1  6  9  7  4 10  1
5678        1  4  3  6  4  9  1 10  3  4  1        1  4  1  4  3  8  9  5 10  3  9