1234       1  4  2  9  1  4  2  4  9  1            1  4  2  9  1  4  2  4  9  1  4
1235       1  4  2  9  1  4  2 10  5               1  4  2  9  3  4  2  9  1  6  4
1236       1  4  2  9  1  4  6  9  7               1  4  2  9  3  4  1  5  8  5  8
1237       1  4  2  9  3  4  6 10  1  4  8         1  4  2  9  3  4  1  5  8  5  4
1238       1  4  2  9  3  4  6 10  3  4  8         1  4  2  9  3  4  2  9  1  6  8
1245       1  4  2  9  1  4  2 10  7               1  4  2  9  3  4  2  9  1  4 10
1246       1  4  2  9  1  4  6  9  5               1  4  2  9  3  4  1  5  8  7  8
1247       1  4  2  9  3  4  2  9  3  4  8         1  4  2  9  3  4  1  5  8  7  4
1248       1  4  2  9  3  4  2  9  1  4  8         1  4  2  9  1  4  2  9  1 10  6
1256       1  4  2  9  1  4  2  4 10  5            1  4  2  9  7  4  2  4  9  3  8 10
1257       1  4  2  9  3  9  1  4  8  5  8  3      1  4  2  9  1  4  2  4 10  5  4
1258       1  4  2  9  3  9  1  9 10  5  8  5      1  4  2  9  7  4  2  4  9  3 10  2
1267       1  4  2  9  3  9  1  4  8  1  9  5      1  4  2  9  7  4  2  4  9  3 10  6
1268       1  4  2  9  3  9  1  4  8  1  9  7      1  4  2  9  1  4  2  4 10  5  8
1278       1  4  2  9  1  4  2  4 10  5  4  8      1  4  2  9  7  4  2  4  9  3  4 10
1345       1  4  2  9  3  4  6 10  3  9 10         1  4  2  9  3  4  2  9  3  9  2
1346       1  4  2  9  3  4  6 10  1  9 10         1  4  2  9  3  4  2  9  1  9  2
1347       1  4  2  9  3  4  6  4  8  9  7         1  4  2  9  3  4  6 10  1  4 10
1348       1  4  2  9  3  4  6  4  8  9  5         1  4  2  9  3  4  6 10  3  8 10
1356       7  4  6  9  5  4  7  4  8  3 10  3      1  4  2  9  1  9  2 10  4  1  9  2
1357       1  4  2  9  3  4  9  6  4  9  5         7  4  6  9  5  4  7  4  8  3 10  3  4
1358       1  4  2  9  3  4  2  4  9  1  6         1  4  2  9  3  4  6  4  9  5  4
1367       1  4  2  9  3  4  1  5  9  4  3         1  4  2  9  3  4  6  4 10  1  4
1368       1  4  2  9  3  4  9  6  8  9  7         5  8  6  9  7  8  5  8  4  1 10  1  8
1378       1  4  2  9  3  4  1  4  8  5 10  5      1  4  2  9  1  9  2  9  8  5  9  6
1456       7  4  6  9  5  4  7  9 10  7  8  1      1  4  2  9  3  4  2  4  9  1  4
1457       1  4  2  9  3  4  1  5 10  4  3         1  4  2  9  1  4  2  4 10  5  4 10
1458       1  4  2  9  3  4  9  2  8  9  3         1  4  2  9  7  4  9  2  4  9  3  4
1467       1  4  2  9  3  4  9  2  4  9  1         1  4  2  9  7  4  9  2  8  9  1  4
1468       1  4  2  9  3  4  1  5 10  8  7         1  4  2  9  7  4  2  4  9  1  9  2
1478       1  4  2  9  3  4  1  4  8  1  8  3      1  4  2  9  3  4  2  4  9  1  8
1567       1  4  2  9  3  4  1  5  4  2  1         1  4  2  9  3  4  1  5  4  3  4
1568       1  4  2  9  3  4  1  5  4  3  6         1  4  2  9  3  4  2 10  2  7  8
1578       1  4  2  9  3  4  6  9  5  4  8         1  4  2  9  3  4  2 10  2  7  4
1678       1  4  2  9  3  4  6  9  7  4  8         1  4  2  9  3  4  1  5  4  3  8
2345       1  4  2  9  3  4  2  9  1  9 10         1  4  2  9  3  4  2  9  1  4  9
2346       1  4  2  9  3  4  2  9  3  9 10         1  4  2  9  3  4  2  9  3  8  9
2347       1  4  2  9  3  4  2  4  8 10  5         1  4  2  9  3  4  2  9  3  4  9
2348       1  4  2  9  3  4  2  4  8 10  7         1  4  2  9  3  4  2  9  1  8  9
2356       5  4  6 10  7  4  5 10  9  5  8  3      1  4  2  9  3  4  2  4 10  5  4
2357       1  4  2  9  3  4  1  5  9  4  1         1  4  2  9  1  4  2  4 10  5  4  9
2358       1  4  2  9  3  4  9  2  4 10  5         1  4  2  9  7  4  9  2  8 10  5  4
2367       1  4  2  9  3  4  9  2  8 10  7         1  4  2  9  7  4  9  2  4 10  7  4
2368       1  4  2  9  3  4  1  5  9  8  5         1  4  2  9  1  9  2  9  8  5  4 10
2378       1  4  2  9  3  4  1  9 10  1  8  7      1  4  2  9  3  4  2  4 10  5  8
2456       5  4  6 10  7  4  5  4  8  1  9  1      1  4  2  9  1  9  2 10  4  1  9  6
2457       1  4  2  9  3  4  9  2  4  9  3         5  4  6 10  7  4  5  4  8  1  9  1  4
2458       1  4  2  9  3  4  2  8  9  2  3         1  4  2  9  3  4  2  4 10  7  4
2467       1  4  2  9  3  4  1  5  9  8  7         1  4  2  9  3  4  2  4  9  3  4
2458       1  4  2  9  3  4  9  2  8  9  1         7  8  6 10  5  8  7  8  4  3  9  3  8
2478       1  4  2  9  3  4  1  4  8  1  8  1      1  4  2  9  1  4  2  8  9  1  9  2
2567       1  4  2  9  3  4  1  5  4  2  3         1  4  2  9  3  4  1  5  4  1  4
2568       1  4  2  9  3  4  1  5  4  1  6         1  4  2  9  3  4  2 10  5  9  6
2578       1  4  2  9  3  4  2 10  7  4  8         1  4  2  9  3  4  2 10  7  4  9
2678       1  4  2  9  3  4  2 10  5  4  8         1  4  2  9  3  4  1  5  4  1  8
3456       1  4  2  9  1  4  2  4 10  5  9 10      1  4  2  9  7  4  2  4  9  3  8  9
3457       7  4  6  9  5  9  7  4  8  7  9  1      1  4  2  9  1  4  1  5 10  8  5  8
3458       5  8  6  9  7  9  5  8  4  5  9  1      7  4  6  9  1  4  6  4  9  5 10  6
3467       7  4  6  9  5  9  7  4  8  7  9  3      5  8  6  9  3  8  6  8  9  7 10  6
3468       5  8  6  9  7  9  5  8  4  5  9  3      1  4  2  9  1  4  1  5 10  8  5  4
3478       1  4  2  9  3  6  4  2  4 10  5         1  4  2  9  7  4  2  4  9  3  4  9
3567       1  4  2  9  3  4  6  9  7  9 10         1  4  2  9  3  4  2 10  7 10  6
3568       1  4  2  9  3  4  6  9  5  9 10         1  4  2  9  3  4  2 10  5 10  6
3578       1  4  2  9  3  4  6  4  8 10  3         1  4  2  9  3  4  6  9  5  4  9
3678       1  4  2  9  3  4  6  4  8 10  1         1  4  2  9  3  4  6  9  7  8  9
4567       1  4  2  9  3  4  2 10  5  9 10         1  4  2  9  3  4  2 10  5  4 10
4568       1  4  2  9  3  4  2 10  7  9 10         1  4  2  9  3  4  2 10  7  8 10
4578       1  4  2  9  3  4  2  4  8  9  1         1  4  2  9  3  4  2 10  7  4 10
4678       1  4  2  9  3  4  2  4  8  9  3         1  4  2  9  3  4  2 10  5  8 10
5678       1  4  2  9  3  6  4  2  4  9  1         1  4  2  9  1  8  2  4  9  5  4