00000000 : 6 0 3 8 0 3 12 13 6
00002020 : 6 0 4 11 0 12 4 13 6
02002120 : 6 0 8 12 13 2 8 4 6
02202110 : 6 0 8 3 10 12 1 8 0
01202100 : 6 0 13 0 6 3 13 9 12
00101210 : 6 0 8 2 13 2 13 3 9
11011022 : 0 6 4 7 0 5 12 13 7
12011012 : 0 6 4 7 0 5 12 13 6
01100122 : 0 11 3 6 1 11 4 9 12
00201002 : 6 0 6 4 11 0 7 2 10
01002122 : 6 0 8 3 9 0 5 11 1
01102002 : 6 0 3 6 12 3 6 9 0
02202112 : 6 0 8 5 9 12 1 8 0
00001002 : 6 0 6 9 0 7 9 0 10
00001211 : 6 0 9 12 9 2 11 0 9
00001121 : 6 0 11 2 9 13 9 0 9
00201202 : 6 0 6 5 11 0 7 2 10
01001101 : 6 0 8 2 8 12 3 13 6
01001221 : 6 0 6 2 7 11 0 10 2
01201201 : 6 0 8 1 6 3 6 0 9
02101002 : 6 0 6 9 0 7 10 0 10
00000101 : 6 0 8 0 13 4 12 6 12
00000011 : 6 0 8 0 8 13 4 12 7
00100001 : 6 0 8 0 13 4 12 6 2
01000001 : 6 0 8 0 8 13 4 12 6
01002102 : 6 0 4 11 0 6 2 3 10
01101211 : 6 0 8 1 6 1 6 2 10
00002121 : 6 0 6 0 13 0 7 0 10
00002021 : 6 0 8 0 5 13 4 12 7
02002001 : 6 0 7 0 4 12 6 2 10
00220110 : 6 0 12 3 7 13 2 6 4
02020120 : 6 0 8 12 13 2 8 4 7
02120100 : 6 0 13 0 6 3 13 9 2
02120220 : 6 0 5 10 2 3 10 12 3
02022120 : 6 0 6 10 0 3 6 12 3
02022020 : 6 2 8 12 13 3 8 5 6
00210001 : 0 7 9 3 9 0 4 13 6
00011110 : 6 0 8 2 12 3 13 6 2
00221100 : 6 0 5 12 10 13 4 7 2
11022100 : 0 8 0 12 9 0 13 7 12
01111120 : 6 0 11 12 9 0 4 7 4
01222200 : 6 0 12 4 9 4 6 12 0
10121011 : 0 8 12 10 0 4 6 11 0
02022200 : 2 8 12 13 3 8 5 6 3
02020212 : 6 0 6 10 0 3 6 12 4
01120202 : 6 0 8 3 9 1 8 1 8
01110222 : 6 0 12 10 3 6 11 12 0
02012122 : 6 0 6 4 12 9 0 6 12
11101002 : 0 6 0 10 4 10 12 1 7
00010022 : 0 8 2 6 5 12 13 3 6
00022221 : 6 0 6 2 11 3 7 0 10
00211001 : 6 0 5 7 0 12 13 6 12
02021012 : 6 0 6 11 2 7 0 10 2
02111221 : 6 0 6 2 5 7 11 0 10
00111021 : 6 0 6 0 10 3 12 4 6
00212211 : 6 0 8 0 6 13 4 12 7
02111001 : 6 0 6 0 10 3 12 4 7
01221201 : 6 0 8 0 6 13 4 12 6
02022212 : 6 0 7 3 7 10 1 8 1
01222101 : 6 0 8 3 13 7 13 1 9
00211002 : 6 0 6 0 4 6 11 5 9
01111012 : 6 0 6 11 3 7 1 9 2
00021000 : 6 0 5 8 0 12 13 6 12
00111220 : 6 0 6 2 12 10 3 7 12
10022110 : 0 8 0 12 9 0 13 6 2
21012002 : 6 0 3 12 10 13 4 6 12
01121000 : 6 0 5 9 0 3 12 7 3
00121000 : 6 0 12 13 8 9 2 4 6
01011200 : 6 0 6 2 7 0 8 9 12
01021000 : 6 0 5 6 3 11 1 3 9
00110222 : 6 0 6 12 9 0 7 12 2
02010012 : 6 0 5 7 1 4 11 4 9
01120001 : 6 0 5 9 0 3 12 7 4
00011222 : 6 0 6 5 12 9 0 6 12
00211011 : 6 0 6 0 13 3 7 2 10
02012221 : 6 0 3 6 1 11 4 10 12
02222001 : 6 0 6 2 3 7 0 8 10
02112111 : 6 0 6 2 6 9 0 8 1
02022212 : 6 0 7 3 7 9 1 8 1
02222012 : 6 0 7 4 7 9 1 8 1
12121210 : 0 6 0 3 12 0 9 1 6
02211212 : 6 0 12 3 6 9 12 0 8
00012021 : 6 0 6 0 3 13 7 2 10
00221001 : 6 0 6 0 3 6 11 5 9
00211211 : 6 0 6 3 8 0 6 2 10
01011221 : 6 0 6 12 1 6 12 9 12
01021012 : 6 0 6 11 1 10 1 7 1
00010211 : 6 0 6 2 7 0 9 2 5
02020001 : 6 0 8 0 5 13 4 12 6
00111211 : 6 0 6 4 6 5 8 1 9
01112012 : 6 0 6 11 5 7 1 9 2
00022001 : 6 0 6 0 7 5 12 13 6
02012022 : 6 0 6 0 4 13 7 2 10
20000200 : 6 0 4 11 1 12 3 12 9
21100210 : 6 0 8 11 1 8 0 8 9
20001200 : 6 0 6 4 11 0 7 2 9
10002020 : 6 0 8 0 11 0 12 13 6
01011200 : 0 6 3 6 2 12 3 13 6
12002110 : 6 0 8 11 2 12 3 13 6
10012210 : 0 8 0 5 12 9 0 13 6
22002210 : 6 0 6 9 0 3 6 12 3
20001000 : 6 0 6 9 0 7 9 0 9
10101020 : 6 0 11 2 9 13 9 0 10
20201200 : 6 0 6 5 11 0 7 2 9
10201010 : 6 0 9 12 9 2 11 0 10
20202110 : 6 0 12 4 10 5 7 13 3
21001210 : 6 0 6 5 6 13 3 13 10
22001100 : 6 0 6 9 0 7 10 0 9
12001010 : 6 0 7 0 12 5 6 2 9
12000002 : 6 0 5 12 8 9 12 0 6
21000122 : 6 0 8 3 10 0 5 11 1
11100222 : 6 0 12 10 3 6 11 12 1
22000122 : 6 0 6 9 0 3 6 12 4
11000022 : 6 0 11 3 6 1 11 4 9
12201012 : 6 0 6 2 3 12 10 3 6
11102112 : 6 0 6 3 9 4 6 13 4
11102112 : 6 0 6 3 9 4 6 13 3
12002212 : 6 0 7 5 9 4 7 13 3
22102112 : 6 0 6 2 9 3 6 12 3
22102112 : 6 0 6 2 9 3 6 12 4
20001202 : 6 0 9 0 9 13 0 13 10
20001212 : 6 0 6 2 8 5 6 0 9
20201012 : 6 0 6 2 8 5 6 0 10
10201001 : 6 0 5 7 0 12 13 7 12
22002021 : 6 0 6 2 3 7 0 10 2
11201112 : 6 0 6 4 7 11 1 10 12
20200112 : 6 0 12 4 10 5 7 13 4
10001201 : 6 0 5 7 0 8 12 13 7
20201011 : 6 0 6 11 2 4 7 0 10
20202212 : 6 0 7 3 7 10 1 8 0
22001022 : 6 0 6 2 4 7 0 10 2
22201022 : 6 0 8 12 6 12 11 1 9
20001102 : 6 0 6 0 7 1 11 1 9
20001022 : 6 0 6 2 8 4 6 0 10
10201001 : 6 0 6 2 8 3 6 0 10
20101212 : 6 0 6 11 1 9 1 7 0
11001112 : 6 0 6 5 11 3 7 1 10
21002111 : 6 0 6 11 5 7 1 10 12
12201201 : 6 0 6 10 0 7 10 0 9
11201001 : 6 0 8 2 13 10 1 12 6
12020000 : 6 0 8 0 11 0 12 13 7
21020120 : 6 0 6 12 6 3 10 13 4
21020210 : 6 0 6 12 6 3 10 13 3
22120010 : 6 0 8 3 10 1 8 1 12
12220210 : 6 0 7 10 13 0 6 13 0
21021110 : 0 6 4 9 0 7 9 0 9
20022110 : 6 0 7 2 9 3 7 12 3
20122100 : 6 0 7 2 10 3 7 12 3
21012201 : 0 8 3 6 10 4 7 13 3
10222020 : 6 0 6 2 11 3 7 0 9
12022020 : 6 0 6 2 4 7 0 9 12
20020121 : 6 0 7 10 3 7 2 12 3
10120222 : 6 0 6 4 12 9 0 6 2
20120012 : 6 0 7 2 10 3 7 12 4
20210022 : 6 0 11 5 7 0 12 13 6
11210022 : 6 0 6 2 3 12 10 3 7
21110112 : 6 0 8 9 12 1 8 1 12
22120001 : 6 0 5 12 7 4 10 13 3
21011022 : 0 8 3 6 10 4 7 13 4
11120112 : 6 0 8 9 12 1 8 0 8
20011222 : 6 0 6 3 12 5 9 0 6
10222212 : 6 0 3 9 1 7 12 7 1
22011202 : 6 0 6 3 12 5 9 0 7
12012022 : 6 0 6 5 12 3 9 0 6
22012212 : 6 0 3 9 1 7 12 7 0
22122112 : 6 0 6 2 10 3 6 12 3
22222222 : 6 0 4 12 2 6 9 13 0
20021101 : 6 0 6 0 12 1 9 0 7
21012121 : 6 0 8 4 10 0 5 11 1
21211202 : 6 0 6 10 4 8 13 7 4
21211122 : 6 0 8 2 6 12 13 3 6
22222222 : 6 0 3 6 9 1 8 12 1
10010201 : 6 0 5 7 0 8 12 13 6
21111102 : 0 6 4 8 10 4 13 7 3
10022101 : 6 0 6 1 7 4 6 3 9
21212021 : 6 0 6 10 4 8 13 7 3
11112202 : 6 0 8 4 10 1 8 1 8
11122111 : 6 0 8 2 7 0 8 0 10
21021102 : 6 0 8 11 13 7 13 1 9
12221222 : 6 0 4 6 1 11 3 8 9
11010100 : 6 0 8 2 11 13 1 12 6
11110110 : 6 0 8 1 9 12 9 4 10
22010010 : 6 0 5 7 1 4 11 4 10
10011210 : 6 0 6 0 13 3 7 2 9
12022200 : 6 0 6 2 3 7 0 8 9
12022120 : 6 0 8 11 2 12 13 3 6
21122020 : 6 0 9 1 13 6 11 4 6
10012020 : 6 0 6 0 3 13 7 2 9
10211210 : 6 0 6 3 8 0 6 2 9
12010001 : 6 0 5 7 0 12 13 6 2
22020121 : 6 0 8 12 10 0 6 11 1
20012101 : 6 0 6 0 12 1 9 0 6
11011212 : 6 0 8 10 2 13 0 8 1
11112012 : 6 0 6 5 6 9 1 8 1
11112201 : 6 0 6 9 13 10 2 3 9
12012202 : 6 0 7 5 9 4 13 7 4
12012022 : 6 0 7 5 9 4 13 7 3
12112102 : 6 0 6 9 3 6 2 12 4
12112012 : 6 0 6 9 3 6 2 12 3
12211212 : 6 0 5 6 11 1 8 1 10
22212011 : 6 0 6 1 3 10 0 7 1
21111001 : 6 0 8 10 4 6 13 7 4
21122112 : 6 0 6 4 10 4 6 13 4
11021102 : 6 0 6 0 12 6 0 9 0
10210002 : 6 0 6 0 4 7 2 10 12
20110201 : 6 0 5 7 10 4 13 6 4
10210011 : 6 0 8 2 13 10 1 12 7
10012002 : 6 0 12 6 2 8 12 4 10
22011012 : 6 0 6 1 4 10 1 7 1
12112101 : 6 0 6 2 6 0 8 1 10
22211012 : 6 0 6 1 4 10 0 7 1
21122112 : 6 0 6 4 10 4 6 13 3
22012101 : 6 0 6 1 6 9 0 6 1
22112001 : 6 0 6 1 6 10 0 6 1
12111121 : 6 0 6 4 8 5 6 1 9
10011222 : 6 0 6 0 8 3 6 2 9
20111202 : 6 0 6 0 6 3 8 2 9
10212021 : 6 0 6 2 12 4 7 12 10
10211211 : 6 0 6 5 6 4 8 1 9
12011011 : 6 0 6 1 5 9 0 7 1
12121111 : 6 0 6 2 12 5 10 4 6
11112121 : 6 0 6 3 8 5 6 1 9
10200100 : 6 0 5 7 2 13 1 12 6
20201220 : 6 0 6 2 11 4 7 0 9
20101120 : 6 0 5 6 2 13 1 12 7
11201110 : 6 0 8 1 6 1 6 2 9
21002100 : 6 0 8 0 12 9 0 13 6
11001010 : 6 0 8 2 12 3 13 6 12
12201210 : 6 0 8 11 12 6 12 1 9
10122220 : 6 0 8 0 13 0 7 0 9
12002100 : 6 0 8 12 2 9 1 13 7
12002000 : 6 0 7 0 4 12 6 2 9
12100021 : 6 0 6 2 7 11 0 10 12
21200212 : 6 0 8 5 11 1 8 0 10
20202212 : 6 0 7 3 7 9 1 8 0
21002022 : 6 0 6 9 12 4 6 13 3
21002212 : 6 0 6 9 12 6 1 8 0
11202111 : 6 0 6 2 6 9 0 8 0
22001222 : 6 0 8 12 6 12 11 1 10
21002112 : 6 0 7 3 9 4 7 13 3
12210211 : 0 6 2 8 2 3 6 1 9
20001022 : 6 0 6 2 8 4 6 0 9
20001112 : 6 0 8 2 7 12 3 13 6
20101002 : 6 0 6 0 7 1 11 1 10
10101221 : 6 0 6 12 0 12 7 2 10
20101012 : 6 0 6 11 1 10 1 7 0
21101011 : 6 0 6 5 11 3 7 1 9
11002111 : 6 0 6 11 3 7 1 10 12
22001011 : 6 0 8 0 6 11 1 5 10
12201201 : 6 0 6 10 0 7 10 0 10
12202012 : 6 0 8 4 8 11 1 10 12
10100101 : 6 2 6 10 13 6 2 5 9
12000021 : 6 0 8 11 0 13 4 12 6
20101121 : 6 0 6 2 8 1 6 2 10
10101122 : 6 0 6 2 8 1 6 2 9
11202111 : 6 0 6 2 6 10 0 8 0
12102201 : 6 0 7 4 11 12 6 1 9
20001122 : 6 0 6 2 6 5 8 0 9
20101022 : 6 0 6 2 6 5 8 0 10
20020110 : 6 0 8 0 12 9 0 13 7
22110100 : 6 0 5 6 2 13 1 12 6
22021020 : 6 0 6 2 3 7 0 9 12
21021110 : 6 0 12 7 12 10 1 8 1
11122200 : 6 0 8 3 13 7 13 1 10
10012200 : 6 0 6 0 3 7 2 9 2
11211010 : 6 0 6 5 6 1 8 0 9
20220121 : 6 0 8 12 10 0 6 11 0
10220221 : 6 0 3 6 1 11 4 10 2
12210022 : 6 0 3 6 1 11 4 9 2
21020212 : 6 0 8 5 9 1 8 0 8
10022102 : 6 0 6 0 8 0 6 0 9
11112012 : 6 0 6 5 6 9 1 8 0
22222222 : 0 8 3 6 2 3 6 0 9
20111102 : 6 0 6 0 12 6 0 9 1
11122111 : 6 0 8 2 7 0 8 0 9
21121002 : 6 0 8 11 13 7 13 1 10
21020111 : 6 0 6 11 5 7 1 8 10
11120012 : 6 0 6 11 5 7 1 8 9
20011002 : 6 0 3 6 0 3 12 13 6
10221012 : 6 0 6 1 4 10 1 7 0
10222101 : 6 0 6 1 6 9 0 6 0
12221012 : 6 0 6 1 4 10 0 7 0
11222001 : 6 0 6 1 6 10 0 6 0
11221221 : 6 0 8 12 6 12 1 10 2
11111221 : 6 0 6 12 2 5 9 1 7
22111221 : 6 0 6 0 10 1 12 0 7
10020120 : 6 0 8 12 2 9 1 13 6
10210100 : 6 0 6 2 7 0 8 9 2
10212210 : 6 0 8 5 7 4 7 1 10
10211110 : 6 0 6 4 6 5 8 1 10
11011120 : 6 0 6 1 8 9 3 7 4
22012020 : 6 0 6 0 4 13 7 2 9
12211210 : 6 0 6 5 6 5 8 1 10
10210121 : 6 0 6 12 1 6 12 9 2
11210221 : 6 0 8 5 12 6 12 1 9
22110111 : 6 0 8 1 10 12 9 4 9
20012001 : 6 0 12 6 2 8 12 4 9
10112101 : 6 0 6 2 6 12 4 12 9
12112101 : 6 0 6 2 6 0 8 1 9
21122112 : 6 0 6 4 9 4 6 13 4
10012221 : 6 0 6 2 12 4 7 12 9
20211021 : 6 0 6 0 8 3 6 2 10
10211211 : 6 0 6 5 6 4 8 1 10
20111121 : 6 0 6 0 12 0 9 1 7
12011221 : 6 0 6 5 8 4 6 1 10
22111101 : 6 0 6 0 12 0 9 1 6
10010221 : 6 0 6 1 10 1 7 1 12
11010211 : 6 0 6 1 8 9 3 7 3
11110201 : 6 0 6 1 8 10 3 7 3
11210011 : 6 0 6 1 10 0 7 0 8
10222001 : 6 0 6 1 6 10 1 6 0
10211111 : 6 0 6 4 6 4 8 1 9
22111221 : 6 0 6 0 10 1 12 0 6
22012001 : 6 0 6 1 6 10 1 6 1
11111201 : 6 0 6 0 8 1 6 1 10
11211101 : 6 0 6 0 8 1 6 1 9
10011102 : 6 0 6 0 6 2 8 2 9
10021121 : 6 0 6 1 7 3 6 4 9
20211222 : 6 0 6 0 8 4 6 2 10
20211222 : 6 0 6 0 8 4 6 2 9
10121021 : 6 0 6 1 7 3 6 4 10
11221111 : 6 0 6 3 11 4 7 1 9
12012021 : 6 0 8 5 12 0 13 4 6
12212111 : 6 0 6 3 6 4 8 1 9
